2.800000000e+03  2.39807e-14  2.39807e-14  5.68457e-16  2.34123e-14  0.00000e+00  0.00000e+00
2.810000000e+03  5.05376e-14  5.05376e-14  1.19798e-15  4.93395e-14  0.00000e+00  0.00000e+00
2.820000000e+03  1.29679e-13  1.29679e-13  2.31703e-15  9.54287e-14  3.19331e-14  0.00000e+00
2.830000000e+03  1.68839e-13  1.68839e-13  2.73492e-15  1.12639e-13  5.34652e-14  0.00000e+00
2.840000000e+03  1.33337e-13  1.33337e-13  2.51919e-15  1.03755e-13  2.70629e-14  0.00000e+00
2.850000000e+03  6.37345e-14  6.37345e-14  1.26251e-15  5.19971e-14  1.04749e-14  0.00000e+00
2.860000000e+03  9.79795e-14  9.79795e-14  2.21938e-15  9.14064e-14  4.35374e-15  0.00000e+00
2.870000000e+03  1.33799e-13  1.33799e-13  3.13787e-15  1.29235e-13  1.42538e-15  0.00000e+00
2.880000000e+03  1.03208e-13  1.03208e-13  2.32178e-15  9.56234e-14  5.26269e-15  0.00000e+00
2.890000000e+03  1.58755e-13  1.58755e-13  3.55398e-15  1.46373e-13  8.82829e-15  0.00000e+00
2.900000000e+03  2.12150e-13  2.12150e-13  4.91073e-15  2.02251e-13  4.98819e-15  0.00000e+00
2.910000000e+03  2.23521e-13  2.23521e-13  5.22429e-15  2.15166e-13  3.13156e-15  0.00000e+00
2.920000000e+03  1.97814e-13  1.97814e-13  4.66884e-15  1.92288e-13  8.56464e-16  0.00000e+00
2.930000000e+03  1.95303e-13  1.95303e-13  4.62001e-15  1.90278e-13  4.03975e-16  0.00000e+00
2.940000000e+03  1.90902e-13  1.90902e-13  4.51868e-15  1.86104e-13  2.79360e-16  0.00000e+00
2.950000000e+03  1.91364e-13  1.91364e-13  4.48320e-15  1.84644e-13  2.23669e-15  0.00000e+00
2.960000000e+03  2.24675e-13  2.24675e-13  5.25824e-15  2.16564e-13  2.85293e-15  0.00000e+00
2.970000000e+03  1.45689e-13  1.45689e-13  3.39875e-15  1.39979e-13  2.31127e-15  0.00000e+00
2.980000000e+03  2.01607e-13  2.01607e-13  4.75180e-15  1.95705e-13  1.14991e-15  0.00000e+00
2.990000000e+03  1.81113e-13  1.81113e-13  4.28315e-15  1.76405e-13  4.25505e-16  0.00000e+00
3.000000000e+03  1.48310e-13  1.48310e-13  3.51071e-15  1.44591e-13  2.08820e-16  0.00000e+00
3.010000000e+03  1.80227e-13  1.80227e-13  4.27013e-15  1.75869e-13  8.85336e-17  0.00000e+00
3.020000000e+03  1.58560e-13  1.58560e-13  3.75664e-15  1.54720e-13  8.34049e-17  0.00000e+00
3.030000000e+03  2.34404e-13  2.34404e-13  5.55036e-15  2.28594e-13  2.59277e-16  0.00000e+00
3.040000000e+03  2.23966e-13  2.23966e-13  5.29498e-15  2.18078e-13  5.94172e-16  0.00000e+00
3.050000000e+03  2.56259e-13  2.56259e-13  5.99031e-15  2.46715e-13  3.55434e-15  0.00000e+00
3.060000000e+03  2.17561e-13  2.17561e-13  4.90563e-15  2.02041e-13  1.06139e-14  0.00000e+00
3.070000000e+03  4.06583e-13  4.06583e-13  5.39644e-15  2.22255e-13  1.78931e-13  0.00000e+00
3.080000000e+03  7.12340e-13  7.12340e-13  5.44975e-15  2.24452e-13  4.82439e-13  0.00000e+00
3.090000000e+03  8.31601e-13  8.31601e-13  5.14979e-15  2.12098e-13  6.14355e-13  0.00000e+00
3.100000000e+03  5.56703e-13  5.56703e-13  4.85767e-15  2.00066e-13  3.51778e-13  0.00000e+00
3.110000000e+03  3.85563e-13  3.85563e-13  5.89496e-15  2.42789e-13  1.36880e-13  0.00000e+00
3.120000000e+03  3.09770e-13  3.09770e-13  5.84294e-15  2.40645e-13  6.32824e-14  0.00000e+00
3.130000000e+03  2.72742e-13  2.72742e-13  5.75113e-15  2.36865e-13  3.01267e-14  0.00000e+00
3.140000000e+03  3.27883e-13  3.27883e-13  5.83936e-15  2.40498e-13  8.15467e-14  0.00000e+00
3.150000000e+03  3.15947e-13  3.15947e-13  5.55165e-15  2.28648e-13  8.17457e-14  0.00000e+00
3.160000000e+03  2.55299e-13  2.55299e-13  5.29374e-15  2.18026e-13  3.19787e-14  0.00000e+00
3.170000000e+03  2.66220e-13  2.66220e-13  5.99274e-15  2.46815e-13  1.34121e-14  0.00000e+00
3.180000000e+03  2.61572e-13  2.61572e-13  6.03721e-15  2.48646e-13  6.88848e-15  0.00000e+00
3.190000000e+03  2.50714e-13  2.50714e-13  5.84639e-15  2.40787e-13  4.08012e-15  0.00000e+00
3.200000000e+03  2.75081e-13  2.75081e-13  6.40544e-15  2.63813e-13  4.86303e-15  0.00000e+00
3.210000000e+03  2.71961e-13  2.71961e-13  6.35750e-15  2.61838e-13  3.76615e-15  0.00000e+00
3.220000000e+03  2.53748e-13  2.53748e-13  5.95438e-15  2.45235e-13  2.55884e-15  0.00000e+00
3.230000000e+03  2.43732e-13  2.43732e-13  5.74711e-15  2.36698e-13  1.28605e-15  0.00000e+00
3.240000000e+03  2.58376e-13  2.58376e-13  6.11763e-15  2.51958e-13  2.99984e-16  0.00000e+00
3.250000000e+03  2.95917e-13  2.95917e-13  7.00917e-15  2.88677e-13  2.31973e-16  0.00000e+00
3.260000000e+03  3.37654e-13  3.37654e-13  7.99255e-15  3.29177e-13  4.84165e-16  0.00000e+00
3.270000000e+03  3.50920e-13  3.50920e-13  8.30374e-15  3.41994e-13  6.21637e-16  0.00000e+00
3.280000000e+03  3.42965e-13  3.42965e-13  8.11186e-15  3.34092e-13  7.62080e-16  0.00000e+00
3.290000000e+03  3.58378e-13  3.58378e-13  8.48670e-15  3.49530e-13  3.60673e-16  0.00000e+00
3.300000000e+03  3.75677e-13  3.75677e-13  8.90134e-15  3.66608e-13  1.69312e-16  0.00000e+00
3.310000000e+03  3.61193e-13  3.61193e-13  8.55954e-15  3.52530e-13  1.02920e-16  3.73283e-22
3.320000000e+03  3.49270e-13  3.49270e-13  8.27876e-15  3.40966e-13  2.55046e-17  4.56620e-23
3.330000000e+03  3.42565e-13  3.42565e-13  8.11993e-15  3.34424e-13  2.07954e-17  3.78020e-22
3.340000000e+03  3.43623e-13  3.43623e-13  8.14494e-15  3.35456e-13  2.35537e-17  4.71117e-23
3.350000000e+03  3.45410e-13  3.45410e-13  8.18727e-15  3.37198e-13  2.44489e-17  0.00000e+00
3.360000000e+03  3.23100e-13  3.23100e-13  7.65849e-15  3.15419e-13  2.26431e-17  0.00000e+00
3.370000000e+03  3.09227e-13  3.09227e-13  7.32995e-15  3.01889e-13  9.33231e-18  0.00000e+00
3.380000000e+03  3.25555e-13  3.25555e-13  7.71710e-15  3.17833e-13  5.38291e-18  0.00000e+00
3.390000000e+03  3.49185e-13  3.49185e-13  8.27727e-15  3.40903e-13  2.95604e-18  0.00000e+00
3.400000000e+03  3.63220e-13  3.63220e-13  8.61001e-15  3.54608e-13  1.98513e-18  0.00000e+00
3.410000000e+03  3.60128e-13  3.60128e-13  8.53661e-15  3.51586e-13  4.81462e-18  0.00000e+00
3.420000000e+03  3.60036e-13  3.60036e-13  8.53444e-15  3.51496e-13  5.46276e-18  0.00000e+00
3.430000000e+03  3.55127e-13  3.55127e-13  8.41734e-15  3.46674e-13  3.51394e-17  1.30729e-20
3.440000000e+03  3.32491e-13  3.32491e-13  7.87483e-15  3.24330e-13  2.86353e-16  3.34566e-21
3.450000000e+03  3.28470e-13  3.28470e-13  7.77230e-15  3.20108e-13  5.90186e-16  5.96969e-21
3.460000000e+03  3.43187e-13  3.43187e-13  8.09394e-15  3.33355e-13  1.73809e-15  8.79947e-20
3.470000000e+03  3.46864e-13  3.46864e-13  8.17178e-15  3.36560e-13  2.13171e-15  3.99755e-20
3.480000000e+03  3.39441e-13  3.39441e-13  8.02988e-15  3.30715e-13  6.95226e-16  3.62779e-20
3.490000000e+03  3.43599e-13  3.43599e-13  8.12281e-15  3.34544e-13  9.33318e-16  2.57869e-19
3.500000000e+03  3.62072e-13  3.62072e-13  8.57258e-15  3.53067e-13  4.32642e-16  1.90939e-19
3.510000000e+03  3.72109e-13  3.72109e-13  8.81053e-15  3.62867e-13  4.30888e-16  1.06158e-19
3.520000000e+03  3.65856e-13  3.65856e-13  8.66072e-15  3.56698e-13  4.98213e-16  8.36619e-20
3.530000000e+03  3.72411e-13  3.72411e-13  8.81897e-15  3.63215e-13  3.78081e-16  3.06418e-19
3.540000000e+03  3.96936e-13  3.96936e-13  9.40480e-15  3.87342e-13  1.88216e-16  3.51021e-19
3.550000000e+03  4.02498e-13  4.02498e-13  9.53872e-15  3.92858e-13  1.00801e-16  2.10389e-19
3.560000000e+03  3.73536e-13  3.73536e-13  8.85358e-15  3.64640e-13  4.06146e-17  1.17827e-19
3.570000000e+03  3.28937e-13  3.28937e-13  7.79608e-15  3.21086e-13  5.54866e-17  9.27488e-20
3.580000000e+03  3.07621e-13  3.07621e-13  7.29113e-15  3.00291e-13  3.99956e-17  6.00456e-20
3.590000000e+03  3.27281e-13  3.27281e-13  7.75755e-15  3.19500e-13  2.41229e-17  2.16527e-19
3.600000000e+03  3.56355e-13  3.56355e-13  8.44703e-15  3.47896e-13  1.06543e-17  3.50556e-19
3.610000000e+03  3.60349e-13  3.60349e-13  8.54180e-15  3.51801e-13  6.52409e-18  6.77941e-19
3.620000000e+03  3.59654e-13  3.59654e-13  8.52539e-15  3.51123e-13  4.06004e-18  4.20503e-19
3.630000000e+03  3.72879e-13  3.72879e-13  8.83883e-15  3.64032e-13  6.22859e-18  1.29427e-18
3.640000000e+03  3.88298e-13  3.88298e-13  9.20440e-15  3.79089e-13  4.01511e-18  4.60323e-19
3.650000000e+03  4.10835e-13  4.10835e-13  9.73860e-15  4.01091e-13  5.65798e-18  5.03114e-19
3.660000000e+03  4.40117e-13  4.40117e-13  1.04328e-14  4.29681e-13  2.21218e-18  3.47309e-19
3.670000000e+03  4.48058e-13  4.48058e-13  1.06211e-14  4.37436e-13  1.02250e-18  9.94652e-20
3.680000000e+03  4.44326e-13  4.44326e-13  1.05326e-14  4.33794e-13  5.01137e-19  8.93455e-20
3.690000000e+03  4.43421e-13  4.43421e-13  1.05112e-14  4.32910e-13  1.17978e-19  1.25935e-19
3.700000000e+03  4.48202e-13  4.48202e-13  1.06245e-14  4.37578e-13  6.67511e-20  5.90018e-20
3.710000000e+03  4.39295e-13  4.39295e-13  1.04134e-14  4.28882e-13  1.70351e-20  4.67301e-20
3.720000000e+03  4.15079e-13  4.15079e-13  9.83934e-15  4.05240e-13  0.00000e+00  3.51559e-20
3.730000000e+03  3.83881e-13  3.83881e-13  9.09977e-15  3.74780e-13  0.00000e+00  1.18198e-18
3.740000000e+03  3.64937e-13  3.64937e-13  8.65072e-15  3.56286e-13  0.00000e+00  1.42659e-18
3.750000000e+03  3.71837e-13  3.71837e-13  8.81428e-15  3.63023e-13  0.00000e+00  8.84505e-19
3.760000000e+03  4.04658e-13  4.04658e-13  9.59231e-15  3.95064e-13  0.00000e+00  5.26419e-19
3.770000000e+03  4.42262e-13  4.42262e-13  1.04837e-14  4.31778e-13  0.00000e+00  4.03185e-19
3.780000000e+03  4.62915e-13  4.62915e-13  1.09733e-14  4.51940e-13  0.00000e+00  3.38003e-19
3.790000000e+03  4.59306e-13  4.59306e-13  1.08877e-14  4.48418e-13  0.00000e+00  7.28910e-19
3.800000000e+03  4.39810e-13  4.39810e-13  1.04255e-14  4.29382e-13  0.00000e+00  2.46920e-18
3.810000000e+03  4.07661e-13  4.07661e-13  9.66334e-15  3.97992e-13  0.00000e+00  7.78884e-18
3.820000000e+03  3.59759e-13  3.59759e-13  8.52755e-15  3.51213e-13  0.00000e+00  1.93224e-17
3.830000000e+03  3.25620e-13  3.25620e-13  7.71827e-15  3.17881e-13  0.00000e+00  1.98655e-17
3.840000000e+03  3.23512e-13  3.23512e-13  7.66778e-15  3.15803e-13  1.23764e-20  4.18780e-17
3.850000000e+03  3.48828e-13  3.48828e-13  8.26792e-15  3.40519e-13  1.92181e-20  4.10755e-17
3.860000000e+03  3.66500e-13  3.66500e-13  8.68731e-15  3.57793e-13  5.15241e-20  2.04472e-17
3.870000000e+03  3.73901e-13  3.73901e-13  8.86194e-15  3.64985e-13  1.55548e-19  5.39880e-17
3.880000000e+03  3.83203e-13  3.83203e-13  9.08313e-15  3.74095e-13  5.34058e-19  2.44097e-17
3.890000000e+03  4.07872e-13  4.07872e-13  9.66797e-15  3.98182e-13  2.97139e-18  2.00823e-17
3.900000000e+03  4.37425e-13  4.37425e-13  1.03685e-14  4.27036e-13  4.86461e-18  1.77535e-17
3.910000000e+03  4.37972e-13  4.37972e-13  1.03808e-14  4.27540e-13  6.91879e-18  4.45442e-17
3.920000000e+03  4.03309e-13  4.03309e-13  9.55954e-15  3.93717e-13  2.20527e-17  1.13813e-17
3.930000000e+03  3.63840e-13  3.63840e-13  8.62382e-15  3.55177e-13  2.44407e-17  1.41918e-17
3.940000000e+03  3.55581e-13  3.55581e-13  8.42783e-15  3.47106e-13  3.70582e-17  1.13555e-17
3.950000000e+03  3.67606e-13  3.67606e-13  8.71302e-15  3.58852e-13  2.47981e-17  1.60764e-17
3.960000000e+03  3.86641e-13  3.86641e-13  9.16397e-15  3.77423e-13  3.76393e-17  1.51781e-17
3.970000000e+03  4.12476e-13  4.12476e-13  9.77691e-15  4.02668e-13  2.45546e-17  7.03333e-18
3.980000000e+03  4.68710e-13  4.68710e-13  1.11096e-14  4.57558e-13  3.77795e-17  4.84307e-18
3.990000000e+03  5.39249e-13  5.39249e-13  1.27822e-14  5.26445e-13  1.79122e-17  4.14612e-18
4.000000000e+03  6.43036e-13  6.43036e-13  1.52427e-14  6.27779e-13  1.21069e-17  2.61240e-18
4.010000000e+03  6.18543e-13  6.18543e-13  1.46619e-14  6.03860e-13  1.85189e-17  2.03754e-18
4.020000000e+03  6.61895e-13  6.61895e-13  1.56898e-14  6.46193e-13  1.28409e-17  1.54780e-19
4.030000000e+03  6.20325e-13  6.20325e-13  1.47040e-14  6.05591e-13  5.79424e-18  2.38113e-17
4.040000000e+03  6.59974e-13  6.59974e-13  1.56430e-14  6.44266e-13  8.19905e-18  5.67537e-17
4.050000000e+03  6.10893e-13  6.10893e-13  1.44788e-14  5.96321e-13  4.47039e-18  8.95031e-17
4.060000000e+03  6.15567e-13  6.15567e-13  1.45890e-14  6.00856e-13  9.64438e-18  1.13362e-16
4.070000000e+03  5.85392e-13  5.85392e-13  1.38746e-14  5.71432e-13  5.84493e-18  7.92916e-17
4.080000000e+03  6.29791e-13  6.29791e-13  1.49225e-14  6.14593e-13  1.17417e-17  2.65397e-16
4.090000000e+03  6.94744e-13  6.94744e-13  1.64657e-14  6.78150e-13  3.51994e-18  1.25731e-16
4.100000000e+03  5.85603e-13  5.85603e-13  1.38813e-14  5.71711e-13  4.36805e-18  5.31695e-18
4.110000000e+03  6.85023e-13  6.85023e-13  1.62374e-14  6.68746e-13  2.62728e-18  3.68987e-17
4.120000000e+03  7.06750e-13  7.06750e-13  1.67526e-14  6.89964e-13  2.63435e-18  3.01985e-17
4.130000000e+03  6.55370e-13  6.55370e-13  1.55349e-14  6.39813e-13  1.79264e-18  2.05356e-17
4.140000000e+03  6.55720e-13  6.55720e-13  1.55429e-14  6.40144e-13  2.60416e-18  3.27900e-17
4.150000000e+03  6.92927e-13  6.92927e-13  1.64220e-14  6.76350e-13  1.01481e-18  1.55289e-16
4.160000000e+03  6.99780e-13  6.99780e-13  1.65875e-14  6.83167e-13  8.89443e-19  2.37359e-17
4.170000000e+03  6.59062e-13  6.59062e-13  1.56217e-14  6.43387e-13  4.68808e-19  5.22213e-17
4.180000000e+03  6.56931e-13  6.56931e-13  1.55712e-14  6.41312e-13  1.82951e-19  4.83336e-17
4.190000000e+03  6.59038e-13  6.59038e-13  1.56216e-14  6.43385e-13  1.31889e-19  3.10198e-17
4.200000000e+03  5.62090e-13  5.62090e-13  1.33199e-14  5.48591e-13  6.67768e-20  1.78842e-16
4.210000000e+03  6.94487e-13  6.94487e-13  1.64608e-14  6.77949e-13  1.65407e-20  7.69903e-17
4.220000000e+03  6.70487e-13  6.70487e-13  1.58926e-14  6.54546e-13  0.00000e+00  4.74911e-17
4.230000000e+03  5.65968e-13  5.65968e-13  1.34152e-14  5.52512e-13  0.00000e+00  4.15935e-17
4.240000000e+03  6.09069e-13  6.09069e-13  1.44371e-14  5.94600e-13  0.00000e+00  3.28509e-17
4.250000000e+03  6.21268e-13  6.21268e-13  1.47264e-14  6.06514e-13  0.00000e+00  2.77439e-17
4.260000000e+03  6.11207e-13  6.11207e-13  1.44882e-14  5.96706e-13  0.00000e+00  1.29865e-17
4.270000000e+03  5.75209e-13  5.75209e-13  1.36352e-14  5.61573e-13  0.00000e+00  4.20713e-19
4.280000000e+03  5.78366e-13  5.78366e-13  1.37100e-14  5.64654e-13  0.00000e+00  1.02327e-18
4.290000000e+03  5.34587e-13  5.34587e-13  1.26679e-14  5.21737e-13  0.00000e+00  1.82985e-16
4.300000000e+03  4.20549e-13  4.20549e-13  9.92958e-15  4.08956e-13  0.00000e+00  1.66312e-15
4.310000000e+03  3.87294e-13  3.87294e-13  9.05982e-15  3.73135e-13  0.00000e+00  5.10070e-15
4.320000000e+03  7.01574e-13  7.01574e-13  1.64162e-14  6.76112e-13  0.00000e+00  9.04627e-15
4.330000000e+03  6.14764e-13  6.14764e-13  1.42635e-14  5.87452e-13  0.00000e+00  1.30499e-14
4.340000000e+03  5.90142e-13  5.90142e-13  1.36431e-14  5.61901e-13  0.00000e+00  1.45983e-14
4.350000000e+03  6.39326e-13  6.39326e-13  1.48171e-14  6.10251e-13  0.00000e+00  1.42578e-14
4.360000000e+03  7.12739e-13  7.12739e-13  1.63789e-14  6.74576e-13  0.00000e+00  2.17832e-14
4.370000000e+03  7.27186e-13  7.27186e-13  1.62150e-14  6.67827e-13  0.00000e+00  4.31449e-14
4.380000000e+03  6.48069e-13  6.48069e-13  1.49465e-14  6.15582e-13  0.00000e+00  1.75405e-14
4.390000000e+03  5.96142e-13  5.96142e-13  1.40832e-14  5.80026e-13  0.00000e+00  2.03427e-15
4.400000000e+03  6.64840e-13  6.64840e-13  1.57547e-14  6.48868e-13  0.00000e+00  2.15744e-16
4.410000000e+03  6.66562e-13  6.66562e-13  1.57880e-14  6.50238e-13  0.00000e+00  5.35691e-16
4.420000000e+03  6.85185e-13  6.85185e-13  1.62304e-14  6.68460e-13  1.43414e-20  4.94938e-16
4.430000000e+03  6.95755e-13  6.95755e-13  1.64914e-14  6.79209e-13  3.05858e-20  5.43904e-17
4.440000000e+03  6.93069e-13  6.93069e-13  1.64264e-14  6.76531e-13  6.01316e-20  1.11091e-16
4.450000000e+03  7.28943e-13  7.28943e-13  1.72767e-14  7.11550e-13  2.22329e-19  1.16485e-16
4.460000000e+03  6.55397e-13  6.55397e-13  1.55339e-14  6.39774e-13  2.25094e-19  8.93811e-17
4.470000000e+03  7.38587e-13  7.38587e-13  1.75053e-14  7.20969e-13  6.65809e-19  1.12996e-16
4.480000000e+03  7.43833e-13  7.43833e-13  1.76319e-14  7.26184e-13  4.41394e-19  1.92864e-17
4.490000000e+03  7.58816e-13  7.58816e-13  1.79871e-14  7.40812e-13  2.85083e-18  1.45193e-17
4.500000000e+03  7.62458e-13  7.62458e-13  1.80735e-14  7.44369e-13  1.01119e-18  1.58569e-17
4.510000000e+03  8.27822e-13  8.27822e-13  1.96230e-14  8.08183e-13  5.10622e-18  1.20986e-17
4.520000000e+03  7.68971e-13  7.68971e-13  1.82280e-14  7.50732e-13  1.94974e-18  8.76783e-18
4.530000000e+03  7.11727e-13  7.11727e-13  1.68711e-14  6.94849e-13  3.05832e-18  5.25701e-18
4.540000000e+03  7.58801e-13  7.58801e-13  1.79871e-14  7.40810e-13  3.10953e-18  8.22995e-19
4.550000000e+03  7.59228e-13  7.59228e-13  1.79972e-14  7.41229e-13  2.28070e-18  3.72077e-19
4.560000000e+03  7.76217e-13  7.76217e-13  1.83934e-14  7.57544e-13  2.01266e-18  2.76743e-16
4.570000000e+03  7.85266e-13  7.85266e-13  1.85526e-14  7.64101e-13  2.47789e-18  2.61040e-15
4.580000000e+03  7.62628e-13  7.62628e-13  1.80209e-14  7.42202e-13  9.54955e-19  2.40317e-15
4.590000000e+03  7.73743e-13  7.73743e-13  1.82324e-14  7.50911e-13  1.53095e-18  4.59690e-15
4.600000000e+03  7.65940e-13  7.65940e-13  1.79141e-14  7.37804e-13  7.14504e-19  1.02193e-14
4.610000000e+03  7.98548e-13  7.98548e-13  1.84915e-14  7.61585e-13  8.38939e-19  1.84705e-14
4.620000000e+03  8.01670e-13  8.01670e-13  1.82428e-14  7.51341e-13  6.97001e-19  3.20844e-14
4.630000000e+03  8.14391e-13  8.14391e-13  1.81475e-14  7.47418e-13  5.12597e-19  4.88245e-14
4.640000000e+03  8.40315e-13  8.40315e-13  1.82310e-14  7.50858e-13  2.51386e-19  7.12266e-14
4.650000000e+03  8.39866e-13  8.39866e-13  1.79170e-14  7.37922e-13  1.37948e-19  8.40261e-14
4.660000000e+03  8.69432e-13  8.69432e-13  1.83305e-14  7.54956e-13  1.33369e-19  9.61468e-14
4.670000000e+03  8.67857e-13  8.67857e-13  1.77928e-14  7.32807e-13  8.24981e-20  1.17257e-13
4.680000000e+03  9.77820e-13  9.77820e-13  1.87629e-14  7.72759e-13  3.78668e-20  1.86298e-13
4.690000000e+03  9.57630e-13  9.57630e-13  1.84094e-14  7.58203e-13  0.00000e+00  1.81018e-13
4.700000000e+03  9.58869e-13  9.58869e-13  1.75744e-14  7.23815e-13  0.00000e+00  2.17479e-13
4.710000000e+03  9.40312e-13  9.40312e-13  1.76476e-14  7.26826e-13  0.00000e+00  1.95838e-13
4.720000000e+03  9.70595e-13  9.70595e-13  1.84143e-14  7.58404e-13  0.00000e+00  1.93774e-13
4.730000000e+03  8.93608e-13  8.93608e-13  1.82606e-14  7.52074e-13  0.00000e+00  1.23273e-13
4.740000000e+03  9.43098e-13  9.43098e-13  1.83037e-14  7.53848e-13  0.00000e+00  1.70945e-13
4.750000000e+03  8.00568e-13  8.00568e-13  1.89571e-14  7.80760e-13  0.00000e+00  8.51996e-16
4.760000000e+03  7.79539e-13  7.79539e-13  1.84613e-14  7.60335e-13  0.00000e+00  7.42574e-16
4.770000000e+03  7.76346e-13  7.76346e-13  1.83715e-14  7.56641e-13  0.00000e+00  1.33277e-15
4.780000000e+03  8.10324e-13  8.10324e-13  1.91997e-14  7.90749e-13  0.00000e+00  3.77383e-16
4.790000000e+03  7.65395e-13  7.65395e-13  1.81387e-14  7.47055e-13  0.00000e+00  2.01496e-16
4.800000000e+03  7.84295e-13  7.84295e-13  1.85842e-14  7.65401e-13  0.00000e+00  3.10569e-16
4.810000000e+03  7.74928e-13  7.74928e-13  1.83600e-14  7.56167e-13  0.00000e+00  4.01331e-16
4.820000000e+03  7.94431e-13  7.94431e-13  1.88078e-14  7.74609e-13  0.00000e+00  1.01648e-15
4.830000000e+03  7.85260e-13  7.85260e-13  1.85846e-14  7.65419e-13  0.00000e+00  1.25519e-15
4.840000000e+03  7.56471e-13  7.56471e-13  1.78987e-14  7.37169e-13  0.00000e+00  1.40353e-15
4.850000000e+03  7.59429e-13  7.59429e-13  1.79821e-14  7.40605e-13  0.00000e+00  8.41018e-16
4.860000000e+03  6.26374e-13  6.26374e-13  1.48062e-14  6.09802e-13  0.00000e+00  1.76597e-15
4.870000000e+03  6.98656e-13  6.98656e-13  1.65052e-14  6.79776e-13  0.00000e+00  2.37321e-15
4.880000000e+03  7.48617e-13  7.48617e-13  1.76731e-14  7.27876e-13  0.00000e+00  3.06706e-15
4.890000000e+03  7.03800e-13  7.03800e-13  1.66106e-14  6.84116e-13  0.00000e+00  3.07372e-15
4.900000000e+03  7.92620e-13  7.92620e-13  1.86848e-14  7.69547e-13  0.00000e+00  4.38871e-15
4.910000000e+03  7.44155e-13  7.44155e-13  1.74860e-14  7.20173e-13  0.00000e+00  6.49715e-15
4.920000000e+03  7.10110e-13  7.10110e-13  1.66099e-14  6.84092e-13  0.00000e+00  9.40896e-15
4.930000000e+03  7.78020e-13  7.78020e-13  1.81378e-14  7.47016e-13  0.00000e+00  1.28658e-14
4.940000000e+03  7.44891e-13  7.44891e-13  1.73597e-14  7.14969e-13  0.00000e+00  1.25624e-14
4.950000000e+03  8.02100e-13  8.02100e-13  1.86625e-14  7.68626e-13  0.00000e+00  1.48119e-14
4.960000000e+03  7.86499e-13  7.86499e-13  1.81258e-14  7.46521e-13  0.00000e+00  2.18519e-14
4.970000000e+03  7.62102e-13  7.62102e-13  1.74955e-14  7.20564e-13  0.00000e+00  2.40426e-14
4.980000000e+03  7.39841e-13  7.39841e-13  1.68383e-14  6.93496e-13  0.00000e+00  2.95068e-14
4.990000000e+03  7.71880e-13  7.71880e-13  1.70939e-14  7.04022e-13  0.00000e+00  5.07643e-14
5.000000000e+03  7.65220e-13  7.65220e-13  1.70004e-14  7.00173e-13  0.00000e+00  4.80473e-14
5.010000000e+03  7.43104e-13  7.43104e-13  1.64561e-14  6.77755e-13  0.00000e+00  4.88937e-14
5.020000000e+03  7.80066e-13  7.80066e-13  1.66718e-14  6.86638e-13  0.00000e+00  7.67570e-14
5.030000000e+03  8.16274e-13  8.16274e-13  1.74502e-14  7.18700e-13  0.00000e+00  8.01247e-14
5.040000000e+03  7.82624e-13  7.82624e-13  1.58677e-14  6.53522e-13  0.00000e+00  1.13234e-13
5.050000000e+03  8.61557e-13  8.61557e-13  1.74864e-14  7.20191e-13  0.00000e+00  1.23881e-13
5.060000000e+03  9.39463e-13  9.39463e-13  1.86863e-14  7.69606e-13  0.00000e+00  1.51171e-13
5.070000000e+03  8.83890e-13  8.83890e-13  1.73524e-14  7.14672e-13  0.00000e+00  1.51867e-13
5.080000000e+03  9.31319e-13  9.31319e-13  1.65925e-14  6.83374e-13  0.00000e+00  2.31352e-13
5.090000000e+03  9.98466e-13  9.98466e-13  1.79175e-14  7.37943e-13  0.00000e+00  2.42606e-13
5.100000000e+03  1.01252e-12  1.01252e-12  1.72688e-14  7.11227e-13  0.00000e+00  2.84025e-13
5.110000000e+03  1.07192e-12  1.07192e-12  1.73396e-14  7.14142e-13  0.00000e+00  3.40434e-13
5.120000000e+03  1.13423e-12  1.13423e-12  1.79849e-14  7.40721e-13  0.00000e+00  3.75528e-13
5.130000000e+03  1.17446e-12  1.17446e-12  1.65827e-14  6.82972e-13  0.00000e+00  4.74903e-13
5.140000000e+03  1.04444e-12  1.04444e-12  1.63251e-14  6.72361e-13  0.00000e+00  3.55751e-13
5.150000000e+03  1.10895e-12  1.10895e-12  1.65523e-14  6.81716e-13  0.00000e+00  4.10685e-13
5.160000000e+03  1.30265e-12  1.30265e-12  1.72190e-14  7.09176e-13  0.00000e+00  5.76254e-13
5.170000000e+03  1.01916e-12  1.01916e-12  1.27656e-14  5.25760e-13  0.00000e+00  4.80639e-13
5.180000000e+03  6.71390e-13  6.71390e-13  1.59100e-14  6.55264e-13  0.00000e+00  2.14515e-16
5.190000000e+03  6.30666e-13  6.30666e-13  1.49453e-14  6.15530e-13  0.00000e+00  1.90210e-16
5.200000000e+03  6.89761e-13  6.89761e-13  1.63436e-14  6.73121e-13  0.00000e+00  2.95895e-16
5.210000000e+03  6.96058e-13  6.96058e-13  1.64954e-14  6.79374e-13  0.00000e+00  1.88135e-16
5.220000000e+03  7.21144e-13  7.21144e-13  1.70903e-14  7.03876e-13  0.00000e+00  1.77933e-16
5.230000000e+03  6.73540e-13  6.73540e-13  1.59549e-14  6.57111e-13  0.00000e+00  4.73631e-16
5.240000000e+03  7.22853e-13  7.22853e-13  1.71296e-14  7.05495e-13  0.00000e+00  2.29072e-16
5.250000000e+03  7.21199e-13  7.21199e-13  1.70807e-14  7.03481e-13  0.00000e+00  6.38174e-16
5.260000000e+03  6.81281e-13  6.81281e-13  1.61401e-14  6.64740e-13  0.00000e+00  3.98865e-16
5.270000000e+03  6.10083e-13  6.10083e-13  1.44441e-14  5.94890e-13  0.00000e+00  7.48923e-16
5.280000000e+03  7.07546e-13  7.07546e-13  1.67603e-14  6.90286e-13  0.00000e+00  4.99343e-16
5.290000000e+03  7.47217e-13  7.47217e-13  1.77014e-14  7.29045e-13  0.00000e+00  4.71099e-16
5.300000000e+03  7.06357e-13  7.06357e-13  1.66935e-14  6.87533e-13  0.00000e+00  2.13047e-15
5.310000000e+03  7.61572e-13  7.61572e-13  1.80117e-14  7.41823e-13  0.00000e+00  1.73639e-15
5.320000000e+03  7.26425e-13  7.26425e-13  1.71263e-14  7.05358e-13  0.00000e+00  3.94154e-15
5.330000000e+03  6.36121e-13  6.36121e-13  1.49818e-14  6.17035e-13  0.00000e+00  4.10370e-15
5.340000000e+03  6.90666e-13  6.90666e-13  1.62567e-14  6.69544e-13  0.00000e+00  4.86504e-15
5.350000000e+03  7.16909e-13  7.16909e-13  1.68323e-14  6.93248e-13  0.00000e+00  6.82881e-15
5.360000000e+03  7.55312e-13  7.55312e-13  1.77226e-14  7.29918e-13  0.00000e+00  7.67158e-15
5.370000000e+03  7.00860e-13  7.00860e-13  1.63200e-14  6.72150e-13  0.00000e+00  1.23895e-14
5.380000000e+03  7.41399e-13  7.41399e-13  1.73055e-14  7.12739e-13  0.00000e+00  1.13524e-14
5.390000000e+03  7.36361e-13  7.36361e-13  1.71232e-14  7.05229e-13  0.00000e+00  1.40090e-14
5.400000000e+03  7.16586e-13  7.16586e-13  1.65297e-14  6.80786e-13  0.00000e+00  1.92696e-14
5.410000000e+03  6.81127e-13  6.81127e-13  1.55492e-14  6.40402e-13  0.00000e+00  2.51758e-14
5.420000000e+03  7.38524e-13  7.38524e-13  1.69106e-14  6.96473e-13  0.00000e+00  2.51395e-14
5.430000000e+03  7.27149e-13  7.27149e-13  1.64113e-14  6.75909e-13  0.00000e+00  3.48295e-14
5.440000000e+03  7.74651e-13  7.74651e-13  1.73286e-14  7.13691e-13  0.00000e+00  4.36310e-14
5.450000000e+03  7.60804e-13  7.60804e-13  1.69759e-14  6.99165e-13  0.00000e+00  4.46629e-14
5.460000000e+03  7.57701e-13  7.57701e-13  1.67633e-14  6.90406e-13  0.00000e+00  5.05307e-14
5.470000000e+03  7.79416e-13  7.79416e-13  1.70818e-14  7.03527e-13  0.00000e+00  5.88067e-14
5.480000000e+03  7.41149e-13  7.41149e-13  1.61740e-14  6.66134e-13  0.00000e+00  5.88405e-14
5.490000000e+03  7.66578e-13  7.66578e-13  1.66614e-14  6.86210e-13  0.00000e+00  6.37074e-14
5.500000000e+03  7.98330e-13  7.98330e-13  1.66431e-14  6.85456e-13  0.00000e+00  9.62299e-14
5.510000000e+03  7.69181e-13  7.69181e-13  1.63665e-14  6.74066e-13  0.00000e+00  7.87490e-14
5.520000000e+03  8.05181e-13  8.05181e-13  1.71241e-14  7.05266e-13  0.00000e+00  8.27913e-14
5.530000000e+03  7.95301e-13  7.95301e-13  1.64414e-14  6.77149e-13  0.00000e+00  1.01710e-13
5.540000000e+03  8.47673e-13  8.47673e-13  1.69186e-14  6.96804e-13  0.00000e+00  1.33950e-13
5.550000000e+03  8.10970e-13  8.10970e-13  1.70073e-14  7.00457e-13  0.00000e+00  9.35049e-14
5.560000000e+03  7.96493e-13  7.96493e-13  1.65032e-14  6.79693e-13  0.00000e+00  1.00296e-13
5.570000000e+03  7.98629e-13  7.98629e-13  1.61537e-14  6.65300e-13  0.00000e+00  1.17176e-13
5.580000000e+03  8.42011e-13  8.42011e-13  1.66672e-14  6.86450e-13  0.00000e+00  1.38894e-13
5.590000000e+03  7.94498e-13  7.94498e-13  1.57747e-14  6.49691e-13  0.00000e+00  1.29033e-13
5.600000000e+03  7.38783e-13  7.38783e-13  1.59503e-14  6.56924e-13  0.00000e+00  6.59080e-14
5.610000000e+03  8.20413e-13  8.20413e-13  1.74281e-14  7.17786e-13  0.00000e+00  8.51987e-14
5.620000000e+03  7.65722e-13  7.65722e-13  1.59011e-14  6.54899e-13  0.00000e+00  9.49214e-14
5.630000000e+03  8.32796e-13  8.32796e-13  1.68452e-14  6.93780e-13  0.00000e+00  1.22170e-13
5.640000000e+03  7.96839e-13  7.96839e-13  1.65033e-14  6.79700e-13  0.00000e+00  1.00636e-13
5.650000000e+03  7.07197e-13  7.07197e-13  1.67625e-14  6.90376e-13  0.00000e+00  5.97886e-17
5.660000000e+03  6.51587e-13  6.51587e-13  1.54441e-14  6.36075e-13  0.00000e+00  6.66667e-17
5.670000000e+03  7.01426e-13  7.01426e-13  1.66261e-14  6.84759e-13  0.00000e+00  4.27595e-17
5.680000000e+03  6.97323e-13  6.97323e-13  1.65289e-14  6.80755e-13  0.00000e+00  3.96615e-17
5.690000000e+03  6.89686e-13  6.89686e-13  1.63466e-14  6.73245e-13  0.00000e+00  9.37680e-17
5.700000000e+03  6.93051e-13  6.93051e-13  1.64266e-14  6.76538e-13  0.00000e+00  8.51138e-17
5.710000000e+03  6.69281e-13  6.69281e-13  1.58634e-14  6.53345e-13  0.00000e+00  7.31024e-17
5.720000000e+03  7.09403e-13  7.09403e-13  1.68142e-14  6.92506e-13  0.00000e+00  8.27533e-17
5.730000000e+03  7.16010e-13  7.16010e-13  1.69714e-14  6.98979e-13  0.00000e+00  5.92918e-17
5.740000000e+03  7.11454e-13  7.11454e-13  1.68629e-14  6.94509e-13  0.00000e+00  8.10509e-17
5.750000000e+03  6.92281e-13  6.92281e-13  1.64058e-14  6.75685e-13  0.00000e+00  1.90677e-16
5.760000000e+03  6.85912e-13  6.85912e-13  1.62468e-14  6.69136e-13  0.00000e+00  5.30609e-16
5.770000000e+03  7.08620e-13  7.08620e-13  1.67832e-14  6.91225e-13  0.00000e+00  6.11992e-16
5.780000000e+03  6.89165e-13  6.89165e-13  1.63025e-14  6.71428e-13  0.00000e+00  1.43321e-15
5.790000000e+03  6.84334e-13  6.84334e-13  1.61841e-14  6.66555e-13  0.00000e+00  1.59514e-15
5.800000000e+03  7.04146e-13  7.04146e-13  1.66408e-14  6.85360e-13  0.00000e+00  2.14496e-15
5.810000000e+03  6.92661e-13  6.92661e-13  1.63644e-14  6.73980e-13  0.00000e+00  2.31795e-15
5.820000000e+03  6.98733e-13  6.98733e-13  1.65075e-14  6.79872e-13  0.00000e+00  2.35432e-15
5.830000000e+03  7.06610e-13  7.06610e-13  1.66581e-14  6.86073e-13  0.00000e+00  3.87946e-15
5.840000000e+03  7.01434e-13  7.01434e-13  1.65393e-14  6.81183e-13  0.00000e+00  3.71021e-15
5.850000000e+03  6.96950e-13  6.96950e-13  1.64228e-14  6.76385e-13  0.00000e+00  4.14193e-15
5.860000000e+03  6.72990e-13  6.72990e-13  1.58247e-14  6.51750e-13  0.00000e+00  5.41595e-15
5.870000000e+03  6.96795e-13  6.96795e-13  1.63811e-14  6.74668e-13  0.00000e+00  5.74678e-15
5.880000000e+03  6.96557e-13  6.96557e-13  1.63114e-14  6.71798e-13  0.00000e+00  8.44906e-15
5.890000000e+03  6.29162e-13  6.29162e-13  1.46680e-14  6.04111e-13  0.00000e+00  1.03817e-14
5.900000000e+03  6.63219e-13  6.63219e-13  1.54223e-14  6.35178e-13  0.00000e+00  1.26189e-14
5.910000000e+03  6.88740e-13  6.88740e-13  1.60779e-14  6.62180e-13  0.00000e+00  1.04826e-14
5.920000000e+03  6.89961e-13  6.89961e-13  1.60207e-14  6.59824e-13  0.00000e+00  1.41160e-14
5.930000000e+03  6.84280e-13  6.84280e-13  1.59561e-14  6.57162e-13  0.00000e+00  1.11623e-14
5.940000000e+03  6.94395e-13  6.94395e-13  1.61136e-14  6.63651e-13  0.00000e+00  1.46311e-14
5.950000000e+03  6.89617e-13  6.89617e-13  1.59766e-14  6.58006e-13  0.00000e+00  1.56341e-14
5.960000000e+03  6.99405e-13  6.99405e-13  1.61375e-14  6.64635e-13  0.00000e+00  1.86335e-14
5.970000000e+03  6.97780e-13  6.97780e-13  1.62539e-14  6.69425e-13  0.00000e+00  1.21002e-14
5.980000000e+03  6.87240e-13  6.87240e-13  1.58847e-14  6.54223e-13  0.00000e+00  1.71314e-14
5.990000000e+03  6.86581e-13  6.86581e-13  1.58359e-14  6.52209e-13  0.00000e+00  1.85349e-14
6.000000000e+03  6.90754e-13  6.90754e-13  1.58270e-14  6.51842e-13  0.00000e+00  2.30843e-14
6.010000000e+03  6.77160e-13  6.77160e-13  1.55506e-14  6.40461e-13  0.00000e+00  2.11476e-14
6.020000000e+03  6.68842e-13  6.68842e-13  1.54444e-14  6.36088e-13  0.00000e+00  1.73097e-14
6.030000000e+03  6.78541e-13  6.78541e-13  1.56183e-14  6.43249e-13  0.00000e+00  1.96745e-14
6.040000000e+03  6.98702e-13  6.98702e-13  1.60293e-14  6.60175e-13  0.00000e+00  2.24974e-14
6.050000000e+03  6.96444e-13  6.96444e-13  1.59841e-14  6.58316e-13  0.00000e+00  2.21439e-14
6.060000000e+03  6.99621e-13  6.99621e-13  1.58217e-14  6.51628e-13  0.00000e+00  3.21712e-14
6.070000000e+03  6.76978e-13  6.76978e-13  1.56759e-14  6.45619e-13  0.00000e+00  1.56818e-14
6.080000000e+03  6.74511e-13  6.74511e-13  1.56347e-14  6.43924e-13  0.00000e+00  1.49527e-14
6.090000000e+03  6.70031e-13  6.70031e-13  1.54518e-14  6.36392e-13  0.00000e+00  1.81873e-14
6.100000000e+03  6.63625e-13  6.63625e-13  1.52809e-14  6.29354e-13  0.00000e+00  1.89903e-14
6.110000000e+03  6.73577e-13  6.73577e-13  1.54056e-14  6.34489e-13  0.00000e+00  2.36828e-14
6.120000000e+03  6.78427e-13  6.78427e-13  1.52086e-14  6.26376e-13  0.00000e+00  3.68417e-14
6.130000000e+03  6.42483e-13  6.42483e-13  1.50504e-14  6.19859e-13  0.00000e+00  7.57243e-15
6.140000000e+03  6.18617e-13  6.18617e-13  1.44523e-14  5.95228e-13  0.00000e+00  8.93689e-15
6.150000000e+03  6.46289e-13  6.46289e-13  1.51080e-14  6.22232e-13  0.00000e+00  8.95035e-15
6.160000000e+03  6.14964e-13  6.14964e-13  1.43160e-14  5.89616e-13  0.00000e+00  1.10315e-14
6.170000000e+03  6.24447e-13  6.24447e-13  1.45237e-14  5.98167e-13  0.00000e+00  1.17552e-14
6.180000000e+03  6.52900e-13  6.52900e-13  1.51604e-14  6.24391e-13  0.00000e+00  1.33491e-14
6.190000000e+03  6.56402e-13  6.56402e-13  1.49788e-14  6.16911e-13  0.00000e+00  2.45105e-14
6.200000000e+03  6.42296e-13  6.42296e-13  1.52254e-14  6.27068e-13  0.00000e+00  1.87745e-18
6.210000000e+03  6.50009e-13  6.50009e-13  1.54079e-14  6.34583e-13  0.00000e+00  1.77950e-17
6.220000000e+03  6.21124e-13  6.21124e-13  1.47234e-14  6.06393e-13  0.00000e+00  9.65193e-18
6.230000000e+03  6.27371e-13  6.27371e-13  1.48714e-14  6.12490e-13  0.00000e+00  1.02815e-17
6.240000000e+03  6.20781e-13  6.20781e-13  1.47152e-14  6.06053e-13  0.00000e+00  1.17229e-17
6.250000000e+03  6.10862e-13  6.10862e-13  1.44802e-14  5.96376e-13  0.00000e+00  5.18263e-18
6.260000000e+03  6.05087e-13  6.05087e-13  1.43434e-14  5.90740e-13  0.00000e+00  3.37472e-18
6.270000000e+03  6.23258e-13  6.23258e-13  1.47739e-14  6.08473e-13  0.00000e+00  1.14741e-17
6.280000000e+03  6.32639e-13  6.32639e-13  1.49948e-14  6.17568e-13  0.00000e+00  7.60398e-17
6.290000000e+03  6.36651e-13  6.36651e-13  1.50884e-14  6.21425e-13  0.00000e+00  1.39065e-16
6.300000000e+03  6.14264e-13  6.14264e-13  1.45534e-14  5.99389e-13  0.00000e+00  3.22242e-16
6.310000000e+03  6.33985e-13  6.33985e-13  1.50164e-14  6.18462e-13  0.00000e+00  5.07388e-16
6.320000000e+03  5.90140e-13  5.90140e-13  1.39796e-14  5.75759e-13  0.00000e+00  4.00731e-16
6.330000000e+03  6.30127e-13  6.30127e-13  1.49258e-14  6.14729e-13  0.00000e+00  4.72568e-16
6.340000000e+03  6.07589e-13  6.07589e-13  1.43889e-14  5.92616e-13  0.00000e+00  5.85837e-16
6.350000000e+03  6.20478e-13  6.20478e-13  1.46929e-14  6.05137e-13  0.00000e+00  6.47183e-16
6.360000000e+03  5.98093e-13  5.98093e-13  1.41610e-14  5.83230e-13  0.00000e+00  7.02390e-16
6.370000000e+03  6.18248e-13  6.18248e-13  1.46348e-14  6.02745e-13  0.00000e+00  8.67623e-16
6.380000000e+03  6.22641e-13  6.22641e-13  1.47361e-14  6.06917e-13  0.00000e+00  9.87783e-16
6.390000000e+03  6.15614e-13  6.15614e-13  1.45632e-14  5.99795e-13  0.00000e+00  1.25612e-15
6.400000000e+03  6.01689e-13  6.01689e-13  1.42383e-14  5.86413e-13  0.00000e+00  1.03785e-15
6.410000000e+03  6.06125e-13  6.06125e-13  1.43278e-14  5.90098e-13  0.00000e+00  1.69877e-15
6.420000000e+03  5.98121e-13  5.98121e-13  1.41382e-14  5.82289e-13  0.00000e+00  1.69361e-15
6.430000000e+03  6.10062e-13  6.10062e-13  1.44153e-14  5.93703e-13  0.00000e+00  1.94600e-15
6.440000000e+03  6.03018e-13  6.03018e-13  1.42221e-14  5.85748e-13  0.00000e+00  3.04782e-15
6.450000000e+03  6.08938e-13  6.08938e-13  1.43823e-14  5.92344e-13  0.00000e+00  2.21262e-15
6.460000000e+03  5.89601e-13  5.89601e-13  1.39181e-14  5.73225e-13  0.00000e+00  2.45750e-15
6.470000000e+03  6.00099e-13  6.00099e-13  1.41628e-14  5.83304e-13  0.00000e+00  2.63263e-15
6.480000000e+03  6.05119e-13  6.05119e-13  1.42596e-14  5.87292e-13  0.00000e+00  3.56768e-15
6.490000000e+03  6.07738e-13  6.07738e-13  1.43525e-14  5.91118e-13  0.00000e+00  2.26717e-15
6.500000000e+03  5.62062e-13  5.62062e-13  1.32586e-14  5.46064e-13  0.00000e+00  2.73826e-15
6.510000000e+03  6.05051e-13  6.05051e-13  1.42769e-14  5.88002e-13  0.00000e+00  2.77147e-15
6.520000000e+03  5.99682e-13  5.99682e-13  1.41341e-14  5.82123e-13  0.00000e+00  3.42425e-15
6.530000000e+03  6.05944e-13  6.05944e-13  1.42600e-14  5.87306e-13  0.00000e+00  4.37752e-15
6.540000000e+03  5.98384e-13  5.98384e-13  1.41179e-14  5.81455e-13  0.00000e+00  2.81101e-15
6.550000000e+03  5.86092e-13  5.86092e-13  1.38340e-14  5.69764e-13  0.00000e+00  2.49255e-15
6.560000000e+03  5.13880e-13  5.13880e-13  1.21168e-14  4.99036e-13  0.00000e+00  2.72661e-15
6.570000000e+03  5.27643e-13  5.27643e-13  1.24234e-14  5.11667e-13  0.00000e+00  3.55330e-15
6.580000000e+03  5.89263e-13  5.89263e-13  1.38836e-14  5.71803e-13  0.00000e+00  3.57555e-15
6.590000000e+03  5.89068e-13  5.89068e-13  1.38622e-14  5.70923e-13  0.00000e+00  4.28189e-15
6.600000000e+03  5.87692e-13  5.87692e-13  1.38125e-14  5.68876e-13  0.00000e+00  5.00349e-15
6.610000000e+03  5.87360e-13  5.87360e-13  1.38686e-14  5.71187e-13  0.00000e+00  2.30581e-15
6.620000000e+03  5.96156e-13  5.96156e-13  1.40706e-14  5.79505e-13  0.00000e+00  2.58107e-15
6.630000000e+03  5.87738e-13  5.87738e-13  1.38641e-14  5.71002e-13  0.00000e+00  2.87213e-15
6.640000000e+03  5.79957e-13  5.79957e-13  1.36767e-14  5.63284e-13  0.00000e+00  2.99637e-15
6.650000000e+03  5.84495e-13  5.84495e-13  1.37642e-14  5.66889e-13  0.00000e+00  3.84182e-15
6.660000000e+03  5.85185e-13  5.85185e-13  1.37853e-14  5.67759e-13  0.00000e+00  3.64300e-15
6.670000000e+03  5.80173e-13  5.80173e-13  1.36509e-14  5.62221e-13  0.00000e+00  4.30095e-15
6.680000000e+03  5.80858e-13  5.80858e-13  1.36667e-14  5.62872e-13  0.00000e+00  4.31994e-15
6.690000000e+03  5.85961e-13  5.85961e-13  1.38422e-14  5.70100e-13  0.00000e+00  2.01969e-15
6.700000000e+03  5.78348e-13  5.78348e-13  1.36614e-14  5.62655e-13  0.00000e+00  2.03162e-15
6.710000000e+03  5.76040e-13  5.76040e-13  1.36077e-14  5.60441e-13  0.00000e+00  1.99241e-15
6.720000000e+03  5.67834e-13  5.67834e-13  1.34012e-14  5.51938e-13  0.00000e+00  2.49602e-15
6.730000000e+03  5.74190e-13  5.74190e-13  1.35561e-14  5.58316e-13  0.00000e+00  2.31762e-15
6.740000000e+03  5.75097e-13  5.75097e-13  1.35606e-14  5.58503e-13  0.00000e+00  3.03313e-15
6.750000000e+03  5.67074e-13  5.67074e-13  1.33650e-14  5.50445e-13  0.00000e+00  3.26268e-15
6.760000000e+03  5.79007e-13  5.79007e-13  1.36067e-14  5.60400e-13  0.00000e+00  4.99919e-15
6.770000000e+03  5.64294e-13  5.64294e-13  1.33577e-14  5.50146e-13  0.00000e+00  7.89654e-16
6.780000000e+03  5.70808e-13  5.70808e-13  1.35127e-14  5.56531e-13  0.00000e+00  7.64625e-16
6.790000000e+03  5.62597e-13  5.62597e-13  1.33161e-14  5.48433e-13  0.00000e+00  8.49711e-16
6.800000000e+03  5.62693e-13  5.62693e-13  1.33133e-14  5.48316e-13  0.00000e+00  1.06392e-15
6.810000000e+03  5.58734e-13  5.58734e-13  1.32218e-14  5.44547e-13  0.00000e+00  9.65116e-16
6.820000000e+03  5.60934e-13  5.60934e-13  1.32697e-14  5.46522e-13  0.00000e+00  1.14115e-15
6.830000000e+03  5.62618e-13  5.62618e-13  1.33084e-14  5.48113e-13  0.00000e+00  1.19589e-15
6.840000000e+03  5.52944e-13  5.52944e-13  1.30754e-14  5.38519e-13  0.00000e+00  1.34950e-15
6.850000000e+03  5.59793e-13  5.59793e-13  1.32340e-14  5.45051e-13  0.00000e+00  1.50777e-15
6.860000000e+03  5.36705e-13  5.36705e-13  1.26746e-14  5.22010e-13  0.00000e+00  2.02096e-15
6.870000000e+03  5.60696e-13  5.60696e-13  1.32911e-14  5.47404e-13  0.00000e+00  1.35154e-18
6.880000000e+03  5.54536e-13  5.54536e-13  1.31451e-14  5.41390e-13  0.00000e+00  1.21526e-18
6.890000000e+03  5.54185e-13  5.54185e-13  1.31367e-14  5.41045e-13  0.00000e+00  3.08559e-18
6.900000000e+03  5.54997e-13  5.54997e-13  1.31556e-14  5.41824e-13  0.00000e+00  1.81422e-17
6.910000000e+03  5.51301e-13  5.51301e-13  1.30669e-14  5.38171e-13  0.00000e+00  6.31342e-17
6.920000000e+03  5.43081e-13  5.43081e-13  1.28715e-14  5.30122e-13  0.00000e+00  8.73010e-17
6.930000000e+03  5.44331e-13  5.44331e-13  1.29019e-14  5.31373e-13  0.00000e+00  5.38047e-17
6.940000000e+03  5.50539e-13  5.50539e-13  1.30489e-14  5.37428e-13  0.00000e+00  6.13236e-17
6.950000000e+03  5.38560e-13  5.38560e-13  1.27641e-14  5.25695e-13  0.00000e+00  9.98402e-17
6.960000000e+03  5.43775e-13  5.43775e-13  1.28882e-14  5.30810e-13  0.00000e+00  7.62477e-17
6.970000000e+03  5.42494e-13  5.42494e-13  1.28574e-14  5.29540e-13  0.00000e+00  9.60822e-17
6.980000000e+03  5.32793e-13  5.32793e-13  1.26270e-14  5.20050e-13  0.00000e+00  1.15390e-16
6.990000000e+03  5.44538e-13  5.44538e-13  1.29061e-14  5.31545e-13  0.00000e+00  8.59995e-17
7.000000000e+03  5.36947e-13  5.36947e-13  1.27256e-14  5.24113e-13  0.00000e+00  1.08733e-16
7.010000000e+03  5.27144e-13  5.27144e-13  1.24930e-14  5.14532e-13  0.00000e+00  1.19528e-16
7.020000000e+03  5.24495e-13  5.24495e-13  1.24292e-14  5.11903e-13  0.00000e+00  1.61942e-16
7.030000000e+03  5.27495e-13  5.27495e-13  1.25005e-14  5.14839e-13  0.00000e+00  1.55023e-16
7.040000000e+03  5.30672e-13  5.30672e-13  1.25734e-14  5.17842e-13  0.00000e+00  2.56176e-16
7.050000000e+03  5.36967e-13  5.36967e-13  1.27232e-14  5.24015e-13  0.00000e+00  2.29342e-16
7.060000000e+03  5.28486e-13  5.28486e-13  1.25202e-14  5.15653e-13  0.00000e+00  3.11760e-16
7.070000000e+03  5.21307e-13  5.21307e-13  1.23498e-14  5.08634e-13  0.00000e+00  3.22917e-16
7.080000000e+03  5.33183e-13  5.33183e-13  1.26325e-14  5.20279e-13  0.00000e+00  2.71149e-16
7.090000000e+03  5.19605e-13  5.19605e-13  1.23076e-14  5.06897e-13  0.00000e+00  3.99399e-16
7.100000000e+03  5.29046e-13  5.29046e-13  1.25326e-14  5.16164e-13  0.00000e+00  3.48996e-16
7.110000000e+03  5.21121e-13  5.21121e-13  1.23424e-14  5.08329e-13  0.00000e+00  4.50347e-16
7.120000000e+03  5.18455e-13  5.18455e-13  1.22780e-14  5.05677e-13  0.00000e+00  4.99821e-16
7.130000000e+03  5.12961e-13  5.12961e-13  1.21500e-14  5.00404e-13  0.00000e+00  4.07658e-16
7.140000000e+03  5.23882e-13  5.23882e-13  1.24002e-14  5.10709e-13  0.00000e+00  7.73682e-16
7.150000000e+03  5.04918e-13  5.04918e-13  1.19595e-14  4.92557e-13  0.00000e+00  4.00276e-16
7.160000000e+03  5.15834e-13  5.15834e-13  1.22168e-14  5.03157e-13  0.00000e+00  4.59666e-16
7.170000000e+03  5.09417e-13  5.09417e-13  1.20663e-14  4.96960e-13  0.00000e+00  3.90335e-16
7.180000000e+03  5.03988e-13  5.03988e-13  1.19351e-14  4.91553e-13  0.00000e+00  4.99387e-16
7.190000000e+03  4.93978e-13  4.93978e-13  1.16976e-14  4.81772e-13  0.00000e+00  5.08440e-16
7.200000000e+03  5.07621e-13  5.07621e-13  1.20212e-14  4.95101e-13  0.00000e+00  4.99337e-16
7.210000000e+03  4.99123e-13  4.99123e-13  1.18172e-14  4.86699e-13  0.00000e+00  6.07711e-16
7.220000000e+03  5.06496e-13  5.06496e-13  1.19898e-14  4.93809e-13  0.00000e+00  6.99087e-16
7.230000000e+03  5.04757e-13  5.04757e-13  1.19563e-14  4.92426e-13  0.00000e+00  3.75175e-16
7.240000000e+03  5.09249e-13  5.09249e-13  1.20621e-14  4.96786e-13  0.00000e+00  4.00671e-16
7.250000000e+03  5.03716e-13  5.03716e-13  1.19318e-14  4.91422e-13  0.00000e+00  3.63023e-16
7.260000000e+03  5.02719e-13  5.02719e-13  1.19072e-14  4.90404e-13  0.00000e+00  4.08167e-16
7.270000000e+03  5.09928e-13  5.09928e-13  1.20725e-14  4.97211e-13  0.00000e+00  6.43599e-16
7.280000000e+03  5.01385e-13  5.01385e-13  1.18746e-14  4.89064e-13  0.00000e+00  4.44981e-16
7.290000000e+03  4.78848e-13  4.78848e-13  1.13360e-14  4.66880e-13  0.00000e+00  6.33173e-16
7.300000000e+03  5.03029e-13  5.03029e-13  1.19104e-14  4.90537e-13  0.00000e+00  5.80151e-16
7.310000000e+03  4.91436e-13  4.91436e-13  1.16264e-14  4.78839e-13  0.00000e+00  9.70065e-16
7.320000000e+03  4.99400e-13  4.99400e-13  1.18323e-14  4.87322e-13  0.00000e+00  2.47944e-16
7.330000000e+03  4.91193e-13  4.91193e-13  1.16357e-14  4.79223e-13  0.00000e+00  3.32371e-16
7.340000000e+03  5.01708e-13  5.01708e-13  1.18844e-14  4.89467e-13  0.00000e+00  3.57119e-16
7.350000000e+03  4.96624e-13  4.96624e-13  1.17627e-14  4.84453e-13  0.00000e+00  4.07549e-16
7.360000000e+03  4.88516e-13  4.88516e-13  1.15712e-14  4.76568e-13  0.00000e+00  3.77279e-16
7.370000000e+03  4.93820e-13  4.93820e-13  1.16967e-14  4.81737e-13  0.00000e+00  3.84468e-16
7.380000000e+03  4.93007e-13  4.93007e-13  1.16763e-14  4.80896e-13  0.00000e+00  4.34708e-16
7.390000000e+03  4.75304e-13  4.75304e-13  1.12560e-14  4.63583e-13  0.00000e+00  4.65293e-16
7.400000000e+03  4.80740e-13  4.80740e-13  1.13844e-14  4.68874e-13  0.00000e+00  4.82341e-16
7.410000000e+03  4.77281e-13  4.77281e-13  1.13006e-14  4.65424e-13  0.00000e+00  5.57997e-16
7.420000000e+03  4.68590e-13  4.68590e-13  1.10902e-14  4.56759e-13  0.00000e+00  7.40645e-16
7.430000000e+03  4.83085e-13  4.83085e-13  1.14471e-14  4.71457e-13  0.00000e+00  1.82428e-16
7.440000000e+03  4.85040e-13  4.85040e-13  1.14929e-14  4.73343e-13  0.00000e+00  2.04661e-16
7.450000000e+03  4.74466e-13  4.74466e-13  1.12416e-14  4.62993e-13  0.00000e+00  2.30003e-16
7.460000000e+03  4.80593e-13  4.80593e-13  1.13871e-14  4.68987e-13  1.21872e-20  2.17980e-16
7.470000000e+03  4.87379e-13  4.87379e-13  1.15477e-14  4.75597e-13  2.81707e-20  2.32536e-16
7.480000000e+03  4.79262e-13  4.79262e-13  1.13549e-14  4.67658e-13  2.22835e-20  2.48897e-16
7.490000000e+03  4.79535e-13  4.79535e-13  1.13604e-14  4.67885e-13  9.19897e-21  2.90252e-16
7.500000000e+03  4.72897e-13  4.72897e-13  1.12035e-14  4.61422e-13  7.32632e-21  2.72698e-16
7.510000000e+03  4.69077e-13  4.69077e-13  1.11120e-14  4.57654e-13  0.00000e+00  3.11797e-16
7.520000000e+03  4.77458e-13  4.77458e-13  1.13108e-14  4.65843e-13  0.00000e+00  3.05328e-16
7.530000000e+03  4.72620e-13  4.72620e-13  1.11948e-14  4.61064e-13  2.66721e-20  3.61668e-16
7.540000000e+03  4.80595e-13  4.80595e-13  1.13804e-14  4.68710e-13  0.00000e+00  5.04434e-16
7.550000000e+03  4.77521e-13  4.77521e-13  1.13179e-14  4.66135e-13  0.00000e+00  6.89064e-17
7.560000000e+03  4.66867e-13  4.66867e-13  1.10651e-14  4.55723e-13  9.87144e-21  7.90150e-17
7.570000000e+03  4.70979e-13  4.70979e-13  1.11631e-14  4.59758e-13  1.35753e-20  5.89629e-17
7.580000000e+03  4.70859e-13  4.70859e-13  1.11598e-14  4.59622e-13  0.00000e+00  7.62973e-17
7.590000000e+03  4.64290e-13  4.64290e-13  1.10037e-14  4.53196e-13  1.60441e-20  9.05996e-17
7.600000000e+03  4.68189e-13  4.68189e-13  1.10962e-14  4.57002e-13  2.09778e-20  9.03347e-17
7.610000000e+03  4.67839e-13  4.67839e-13  1.10877e-14  4.56653e-13  0.00000e+00  9.69423e-17
7.620000000e+03  4.56491e-13  4.56491e-13  1.08186e-14  4.45570e-13  1.96817e-20  1.03327e-16
7.630000000e+03  4.69072e-13  4.69072e-13  1.11167e-14  4.57850e-13  2.35116e-20  1.04214e-16
7.640000000e+03  4.70133e-13  4.70133e-13  1.11413e-14  4.58863e-13  0.00000e+00  1.27992e-16
7.650000000e+03  4.70107e-13  4.70107e-13  1.11411e-14  4.58852e-13  0.00000e+00  1.14184e-16
7.660000000e+03  4.43735e-13  4.43735e-13  1.05155e-14  4.33085e-13  4.01331e-20  1.33305e-16
7.670000000e+03  4.49709e-13  4.49709e-13  1.06545e-14  4.38813e-13  0.00000e+00  2.41533e-16
7.680000000e+03  4.61313e-13  4.61313e-13  1.09351e-14  4.50369e-13  0.00000e+00  8.56615e-18
7.690000000e+03  4.58784e-13  4.58784e-13  1.08753e-14  4.47907e-13  1.50474e-20  3.72768e-19
7.700000000e+03  4.53820e-13  4.53820e-13  1.07575e-14  4.43054e-13  1.80720e-20  8.66770e-18
7.710000000e+03  4.53652e-13  4.53652e-13  1.07535e-14  4.42891e-13  0.00000e+00  7.07581e-18
7.720000000e+03  4.51689e-13  4.51689e-13  1.07070e-14  4.40973e-13  0.00000e+00  9.01922e-18
7.730000000e+03  4.50281e-13  4.50281e-13  1.06736e-14  4.39598e-13  0.00000e+00  9.51317e-18
7.740000000e+03  4.55123e-13  4.55123e-13  1.07884e-14  4.44327e-13  2.50603e-20  7.38761e-18
7.750000000e+03  4.36074e-13  4.36074e-13  1.03368e-14  4.25727e-13  0.00000e+00  9.63897e-18
7.760000000e+03  4.55729e-13  4.55729e-13  1.08027e-14  4.44916e-13  0.00000e+00  8.69709e-18
7.770000000e+03  4.52288e-13  4.52288e-13  1.07211e-14  4.41557e-13  0.00000e+00  1.08844e-17
7.780000000e+03  4.50440e-13  4.50440e-13  1.06773e-14  4.39753e-13  7.64982e-21  8.76307e-18
7.790000000e+03  4.51056e-13  4.51056e-13  1.06917e-14  4.40344e-13  8.90396e-21  2.03902e-17
7.800000000e+03  4.46633e-13  4.46633e-13  1.05871e-14  4.36035e-13  0.00000e+00  9.60104e-18
7.810000000e+03  4.44464e-13  4.44464e-13  1.05354e-14  4.33907e-13  0.00000e+00  2.19890e-17
7.820000000e+03  4.50351e-13  4.50351e-13  1.06751e-14  4.39662e-13  0.00000e+00  1.47139e-17
7.830000000e+03  4.40807e-13  4.40807e-13  1.04485e-14  4.30327e-13  0.00000e+00  3.29462e-17
7.840000000e+03  4.42252e-13  4.42252e-13  1.04828e-14  4.31741e-13  0.00000e+00  2.76202e-17
7.850000000e+03  4.44608e-13  4.44608e-13  1.05385e-14  4.34036e-13  2.68814e-20  3.29419e-17
7.860000000e+03  4.37019e-13  4.37019e-13  1.03589e-14  4.26639e-13  3.18343e-20  2.10206e-17
7.870000000e+03  4.44207e-13  4.44207e-13  1.05290e-14  4.33644e-13  1.80006e-20  3.38448e-17
7.880000000e+03  4.37986e-13  4.37986e-13  1.03818e-14  4.27582e-13  6.92781e-21  2.29780e-17
7.890000000e+03  4.42324e-13  4.42324e-13  1.04844e-14  4.31808e-13  0.00000e+00  3.27797e-17
7.900000000e+03  4.37301e-13  4.37301e-13  1.03651e-14  4.26895e-13  0.00000e+00  4.06419e-17
7.910000000e+03  4.35867e-13  4.35867e-13  1.03312e-14  4.25496e-13  0.00000e+00  4.00268e-17
7.920000000e+03  4.29066e-13  4.29066e-13  1.01700e-14  4.18858e-13  2.33647e-20  3.92312e-17
7.930000000e+03  4.27305e-13  4.27305e-13  1.01283e-14  4.17143e-13  0.00000e+00  3.39266e-17
7.940000000e+03  4.21723e-13  4.21723e-13  9.99542e-15  4.11667e-13  0.00000e+00  5.91250e-17
7.950000000e+03  4.22024e-13  4.22024e-13  1.00029e-14  4.11976e-13  8.93458e-21  4.52644e-17
7.960000000e+03  4.29447e-13  4.29447e-13  1.01786e-14  4.19212e-13  0.00000e+00  5.65292e-17
7.970000000e+03  4.31874e-13  4.31874e-13  1.02360e-14  4.21575e-13  1.16289e-20  6.27764e-17
7.980000000e+03  4.30742e-13  4.30742e-13  1.02092e-14  4.20471e-13  1.48379e-20  6.22385e-17
7.990000000e+03  4.31043e-13  4.31043e-13  1.02161e-14  4.20757e-13  0.00000e+00  6.97409e-17
8.000000000e+03  4.19969e-13  4.19969e-13  9.95356e-15  4.09943e-13  1.83249e-20  7.13221e-17
8.010000000e+03  4.28158e-13  4.28158e-13  1.01479e-14  4.17946e-13  0.00000e+00  6.30304e-17
8.020000000e+03  4.27654e-13  4.27654e-13  1.01354e-14  4.17433e-13  1.80955e-20  8.58804e-17
8.030000000e+03  4.20715e-13  4.20715e-13  9.97104e-15  4.10663e-13  2.11360e-20  8.09934e-17
8.040000000e+03  4.24292e-13  4.24292e-13  1.00553e-14  4.14134e-13  0.00000e+00  1.01858e-16
8.050000000e+03  4.11571e-13  4.11571e-13  9.75363e-15  4.01710e-13  1.78242e-20  1.07493e-16
8.060000000e+03  4.23233e-13  4.23233e-13  1.00315e-14  4.13152e-13  2.03374e-20  4.95387e-17
8.070000000e+03  4.19976e-13  4.19976e-13  9.95439e-15  4.09978e-13  0.00000e+00  4.40988e-17
8.080000000e+03  4.18810e-13  4.18810e-13  9.92677e-15  4.08841e-13  0.00000e+00  4.19951e-17
8.090000000e+03  4.10311e-13  4.10311e-13  9.72502e-15  4.00532e-13  0.00000e+00  5.36668e-17
8.100000000e+03  4.10179e-13  4.10179e-13  9.72223e-15  4.00416e-13  2.41332e-20  4.10443e-17
8.110000000e+03  4.17394e-13  4.17394e-13  9.89262e-15  4.07433e-13  8.59639e-21  6.77812e-17
8.120000000e+03  4.16511e-13  4.16511e-13  9.87218e-15  4.06593e-13  0.00000e+00  4.70866e-17
8.130000000e+03  4.16236e-13  4.16236e-13  9.86484e-15  4.06290e-13  0.00000e+00  8.17134e-17
8.140000000e+03  4.15764e-13  4.15764e-13  9.85404e-15  4.05845e-13  1.18634e-20  6.48255e-17
8.150000000e+03  4.12867e-13  4.12867e-13  9.78518e-15  4.03009e-13  1.36946e-20  7.25549e-17
8.160000000e+03  4.10508e-13  4.10508e-13  9.72948e-15  4.00715e-13  0.00000e+00  6.39115e-17
8.170000000e+03  4.12550e-13  4.12550e-13  9.77732e-15  4.02685e-13  0.00000e+00  8.71064e-17
8.180000000e+03  4.08485e-13  4.08485e-13  9.68001e-15  3.98677e-13  0.00000e+00  1.27277e-16
8.190000000e+03  4.01093e-13  4.01093e-13  9.50722e-15  3.91560e-13  8.40034e-21  2.52200e-17
8.200000000e+03  3.89264e-13  3.89264e-13  9.22635e-15  3.79993e-13  9.36419e-21  4.42110e-17
8.210000000e+03  3.97584e-13  3.97584e-13  9.42411e-15  3.88138e-13  0.00000e+00  2.21075e-17
8.220000000e+03  3.96687e-13  3.96687e-13  9.40237e-15  3.87243e-13  0.00000e+00  4.17493e-17
8.230000000e+03  3.98651e-13  3.98651e-13  9.44867e-15  3.89149e-13  0.00000e+00  5.30600e-17
8.240000000e+03  4.02987e-13  4.02987e-13  9.55167e-15  3.93392e-13  2.87149e-21  4.45090e-17
8.250000000e+03  4.00512e-13  4.00512e-13  9.49351e-15  3.90997e-13  3.12694e-21  2.18436e-17
8.260000000e+03  4.02919e-13  4.02919e-13  9.54996e-15  3.93322e-13  0.00000e+00  4.72793e-17
8.270000000e+03  4.02554e-13  4.02554e-13  9.54121e-15  3.92960e-13  0.00000e+00  5.28054e-17
8.280000000e+03  4.02694e-13  4.02694e-13  9.54455e-15  3.93098e-13  1.68373e-20  5.20092e-17
8.290000000e+03  4.01274e-13  4.01274e-13  9.51091e-15  3.91714e-13  1.43825e-20  5.03727e-17
8.300000000e+03  3.95790e-13  3.95790e-13  9.38093e-15  3.86360e-13  6.63673e-21  4.85572e-17
8.310000000e+03  3.88280e-13  3.88280e-13  9.20250e-15  3.79011e-13  0.00000e+00  6.66865e-17
8.320000000e+03  3.96319e-13  3.96319e-13  9.39321e-15  3.86866e-13  0.00000e+00  5.97775e-17
8.330000000e+03  3.83281e-13  3.83281e-13  9.08313e-15  3.74095e-13  0.00000e+00  1.02643e-16
8.340000000e+03  3.88671e-13  3.88671e-13  9.21300e-15  3.79443e-13  0.00000e+00  1.51251e-17
8.350000000e+03  3.88898e-13  3.88898e-13  9.21832e-15  3.79663e-13  1.12854e-20  1.83521e-17
8.360000000e+03  3.93181e-13  3.93181e-13  9.31970e-15  3.83838e-13  0.00000e+00  2.32944e-17
8.370000000e+03  3.90510e-13  3.90510e-13  9.25631e-15  3.81226e-13  0.00000e+00  2.62707e-17
8.380000000e+03  3.90497e-13  3.90497e-13  9.25629e-15  3.81226e-13  3.02740e-21  1.52934e-17
8.390000000e+03  3.79229e-13  3.79229e-13  8.98906e-15  3.70220e-13  3.05070e-21  1.90500e-17
8.400000000e+03  3.88383e-13  3.88383e-13  9.20604e-15  3.79157e-13  8.47630e-21  2.07350e-17
8.410000000e+03  3.89903e-13  3.89903e-13  9.24180e-15  3.80630e-13  0.00000e+00  3.05175e-17
8.420000000e+03  3.84333e-13  3.84333e-13  9.11012e-15  3.75206e-13  1.00237e-20  1.56182e-17
8.430000000e+03  3.85727e-13  3.85727e-13  9.14280e-15  3.76552e-13  1.21825e-20  3.12109e-17
8.440000000e+03  3.77071e-13  3.77071e-13  8.93787e-15  3.68112e-13  0.00000e+00  2.04568e-17
8.450000000e+03  3.82395e-13  3.82395e-13  9.06390e-15  3.73303e-13  1.20579e-20  2.84631e-17
8.460000000e+03  3.84126e-13  3.84126e-13  9.10495e-15  3.74992e-13  0.00000e+00  2.93691e-17
8.470000000e+03  3.72312e-13  3.72312e-13  8.82469e-15  3.63451e-13  1.40288e-20  3.72637e-17
8.480000000e+03  3.82925e-13  3.82925e-13  9.07652e-15  3.73822e-13  0.00000e+00  2.58559e-17
8.490000000e+03  3.83480e-13  3.83480e-13  9.08945e-15  3.74355e-13  0.00000e+00  3.51546e-17
8.500000000e+03  3.32958e-13  3.32958e-13  7.89135e-15  3.25011e-13  1.21096e-20  5.74971e-17
8.510000000e+03  3.79076e-13  3.79076e-13  8.98575e-15  3.70084e-13  1.36690e-20  5.08588e-18
8.520000000e+03  3.68088e-13  3.68088e-13  8.72532e-15  3.59358e-13  0.00000e+00  5.85748e-18
8.530000000e+03  3.69286e-13  3.69286e-13  8.75371e-15  3.60527e-13  0.00000e+00  4.91645e-18
8.540000000e+03  3.02925e-13  3.02925e-13  7.18065e-15  2.95740e-13  1.06037e-20  4.95675e-18
8.550000000e+03  3.13157e-13  3.13157e-13  7.42322e-15  3.05731e-13  1.17437e-20  4.53846e-18
8.560000000e+03  3.70671e-13  3.70671e-13  8.78655e-15  3.61880e-13  0.00000e+00  5.63939e-18
8.570000000e+03  3.76205e-13  3.76205e-13  8.91771e-15  3.67281e-13  0.00000e+00  5.90376e-18
8.580000000e+03  3.69893e-13  3.69893e-13  8.76811e-15  3.61119e-13  0.00000e+00  5.81949e-18
8.590000000e+03  3.68084e-13  3.68084e-13  8.72513e-15  3.59349e-13  8.30604e-21  1.02438e-17
8.600000000e+03  3.66872e-13  3.66872e-13  8.69650e-15  3.58171e-13  9.04747e-21  5.34331e-18
8.610000000e+03  3.66273e-13  3.66273e-13  8.68221e-15  3.57582e-13  0.00000e+00  8.42583e-18
8.620000000e+03  3.65013e-13  3.65013e-13  8.65232e-15  3.56351e-13  0.00000e+00  7.88026e-18
8.630000000e+03  3.71572e-13  3.71572e-13  8.80776e-15  3.62753e-13  0.00000e+00  1.02381e-17
8.640000000e+03  3.71025e-13  3.71025e-13  8.79487e-15  3.62223e-13  5.86151e-21  7.69733e-18
8.650000000e+03  3.64003e-13  3.64003e-13  8.62838e-15  3.55365e-13  6.31790e-21  8.71034e-18
8.660000000e+03  3.10012e-13  3.10012e-13  7.34854e-15  3.02654e-13  0.00000e+00  8.35515e-18
8.670000000e+03  3.23034e-13  3.23034e-13  7.65720e-15  3.15367e-13  0.00000e+00  1.03260e-17
8.680000000e+03  3.52838e-13  3.52838e-13  8.36366e-15  3.44463e-13  0.00000e+00  1.07748e-17
8.690000000e+03  3.45330e-13  3.45330e-13  8.18561e-15  3.37130e-13  0.00000e+00  1.47935e-17
8.700000000e+03  3.61677e-13  3.61677e-13  8.57346e-15  3.53104e-13  0.00000e+00  1.07472e-20
8.710000000e+03  3.60870e-13  3.60870e-13  8.55435e-15  3.52316e-13  0.00000e+00  3.67859e-19
8.720000000e+03  3.61036e-13  3.61036e-13  8.55827e-15  3.52478e-13  0.00000e+00  4.34233e-19
8.730000000e+03  3.60876e-13  3.60876e-13  8.55448e-15  3.52321e-13  0.00000e+00  7.70405e-21
8.740000000e+03  3.55950e-13  3.55950e-13  8.43769e-15  3.47510e-13  0.00000e+00  8.79631e-19
8.750000000e+03  3.48483e-13  3.48483e-13  8.26069e-15  3.40222e-13  0.00000e+00  1.61094e-18
8.760000000e+03  3.53831e-13  3.53831e-13  8.38749e-15  3.45445e-13  0.00000e+00  1.06432e-19
8.770000000e+03  3.59316e-13  3.59316e-13  8.51745e-15  3.50796e-13  0.00000e+00  1.30769e-18
8.780000000e+03  3.55555e-13  3.55555e-13  8.42833e-15  3.47126e-13  0.00000e+00  1.17423e-20
8.790000000e+03  3.53746e-13  3.53746e-13  8.38544e-15  3.45360e-13  0.00000e+00  1.46935e-18
8.800000000e+03  3.54597e-13  3.54597e-13  8.40560e-15  3.46190e-13  0.00000e+00  1.79762e-18
8.810000000e+03  3.36318e-13  3.36318e-13  7.97234e-15  3.28347e-13  0.00000e+00  1.37911e-20
8.820000000e+03  3.52005e-13  3.52005e-13  8.34415e-15  3.43660e-13  0.00000e+00  1.64459e-18
8.830000000e+03  3.46392e-13  3.46392e-13  8.21114e-15  3.38180e-13  0.00000e+00  1.49914e-20
8.840000000e+03  3.46853e-13  3.46853e-13  8.22201e-15  3.38629e-13  0.00000e+00  2.09754e-18
8.850000000e+03  3.52109e-13  3.52109e-13  8.34662e-15  3.43761e-13  0.00000e+00  1.65390e-18
8.860000000e+03  3.41455e-13  3.41455e-13  8.09410e-15  3.33360e-13  0.00000e+00  1.78492e-20
8.870000000e+03  3.37128e-13  3.37128e-13  7.99150e-15  3.29135e-13  0.00000e+00  1.67509e-18
8.880000000e+03  3.47918e-13  3.47918e-13  8.24727e-15  3.39668e-13  0.00000e+00  2.49425e-18
8.890000000e+03  3.49644e-13  3.49644e-13  8.28825e-15  3.41358e-13  0.00000e+00  6.50005e-20
8.900000000e+03  3.49550e-13  3.49550e-13  8.28594e-15  3.41262e-13  0.00000e+00  1.90263e-18
8.910000000e+03  3.50412e-13  3.50412e-13  8.30638e-15  3.42103e-13  0.00000e+00  1.69984e-18
8.920000000e+03  3.45098e-13  3.45098e-13  8.18044e-15  3.36916e-13  0.00000e+00  1.08010e-18
8.930000000e+03  3.38439e-13  3.38439e-13  8.02255e-15  3.30414e-13  0.00000e+00  2.65179e-18
8.940000000e+03  3.48295e-13  3.48295e-13  8.25620e-15  3.40038e-13  0.00000e+00  2.10108e-18
8.950000000e+03  3.36368e-13  3.36368e-13  7.97346e-15  3.28393e-13  0.00000e+00  1.57783e-18
8.960000000e+03  3.47948e-13  3.47948e-13  8.24791e-15  3.39696e-13  0.00000e+00  3.50673e-18
8.970000000e+03  3.41040e-13  3.41040e-13  8.08415e-15  3.32951e-13  0.00000e+00  4.59326e-18
8.980000000e+03  3.41238e-13  3.41238e-13  8.08888e-15  3.33146e-13  0.00000e+00  2.04985e-18
8.990000000e+03  3.41298e-13  3.41298e-13  8.09032e-15  3.33205e-13  0.00000e+00  2.61003e-18
9.000000000e+03  3.33582e-13  3.33582e-13  7.90734e-15  3.25668e-13  0.00000e+00  5.29186e-18
9.010000000e+03  3.24644e-13  3.24644e-13  7.69551e-15  3.16944e-13  0.00000e+00  3.94641e-18
9.020000000e+03  3.20390e-13  3.20390e-13  7.59468e-15  3.12792e-13  0.00000e+00  3.17431e-18
9.030000000e+03  3.36266e-13  3.36266e-13  7.97106e-15  3.28293e-13  0.00000e+00  1.68078e-18
9.040000000e+03  3.40401e-13  3.40401e-13  8.06898e-15  3.32327e-13  0.00000e+00  5.65287e-18
9.050000000e+03  3.39247e-13  3.39247e-13  8.04166e-15  3.31201e-13  0.00000e+00  4.10748e-18
9.060000000e+03  3.30082e-13  3.30082e-13  7.82440e-15  3.22253e-13  0.00000e+00  5.01996e-18
9.070000000e+03  3.38360e-13  3.38360e-13  8.02061e-15  3.30335e-13  0.00000e+00  5.22754e-18
9.080000000e+03  3.29236e-13  3.29236e-13  7.80433e-15  3.21426e-13  0.00000e+00  4.91468e-18
9.090000000e+03  3.21166e-13  3.21166e-13  7.61308e-15  3.13549e-13  0.00000e+00  3.93672e-18
9.100000000e+03  3.27167e-13  3.27167e-13  7.75530e-15  3.19406e-13  0.00000e+00  5.09945e-18
9.110000000e+03  3.28384e-13  3.28384e-13  7.78419e-15  3.20597e-13  0.00000e+00  3.48832e-18
9.120000000e+03  3.23652e-13  3.23652e-13  7.67195e-15  3.15975e-13  0.00000e+00  6.55898e-18
9.130000000e+03  3.34274e-13  3.34274e-13  7.92375e-15  3.26346e-13  0.00000e+00  5.34552e-18
9.140000000e+03  3.32037e-13  3.32037e-13  7.87071e-15  3.24160e-13  0.00000e+00  5.79431e-18
9.150000000e+03  3.25537e-13  3.25537e-13  7.71661e-15  3.17813e-13  0.00000e+00  6.66832e-18
9.160000000e+03  3.29665e-13  3.29665e-13  7.81446e-15  3.21843e-13  0.00000e+00  7.41160e-18
9.170000000e+03  3.25079e-13  3.25079e-13  7.70586e-15  3.17370e-13  0.00000e+00  3.47782e-18
9.180000000e+03  3.24064e-13  3.24064e-13  7.68170e-15  3.16375e-13  0.00000e+00  7.42896e-18
9.190000000e+03  3.27385e-13  3.27385e-13  7.76036e-15  3.19615e-13  0.00000e+00  9.86520e-18
9.200000000e+03  3.23892e-13  3.23892e-13  7.67767e-15  3.16209e-13  0.00000e+00  4.22321e-18
9.210000000e+03  3.16903e-13  3.16903e-13  7.51186e-15  3.09381e-13  0.00000e+00  9.74868e-18
9.220000000e+03  3.14110e-13  3.14110e-13  7.44572e-15  3.06658e-13  0.00000e+00  6.67446e-18
9.230000000e+03  3.02742e-13  3.02742e-13  7.17622e-15  2.95557e-13  0.00000e+00  8.23985e-18
9.240000000e+03  3.14520e-13  3.14520e-13  7.45543e-15  3.07056e-13  0.00000e+00  7.84422e-18
9.250000000e+03  3.16955e-13  3.16955e-13  7.51314e-15  3.09434e-13  0.00000e+00  8.96571e-18
9.260000000e+03  3.05700e-13  3.05700e-13  7.24626e-15  2.98441e-13  0.00000e+00  1.17665e-17
9.270000000e+03  3.18393e-13  3.18393e-13  7.54718e-15  3.10835e-13  0.00000e+00  1.07036e-17
9.280000000e+03  3.21145e-13  3.21145e-13  7.61258e-15  3.13529e-13  0.00000e+00  3.34739e-18
9.290000000e+03  3.16120e-13  3.16120e-13  7.49349e-15  3.08624e-13  0.00000e+00  1.50832e-18
9.300000000e+03  3.17138e-13  3.17138e-13  7.51757e-15  3.09615e-13  0.00000e+00  3.59198e-18
9.310000000e+03  3.17228e-13  3.17228e-13  7.51973e-15  3.09704e-13  0.00000e+00  3.73167e-18
9.320000000e+03  3.15759e-13  3.15759e-13  7.48491e-15  3.08271e-13  0.00000e+00  3.45465e-18
9.330000000e+03  3.17042e-13  3.17042e-13  7.51530e-15  3.09523e-13  0.00000e+00  4.13923e-18
9.340000000e+03  3.16239e-13  3.16239e-13  7.49626e-15  3.08738e-13  0.00000e+00  4.32738e-18
9.350000000e+03  3.11463e-13  3.11463e-13  7.38306e-15  3.04075e-13  0.00000e+00  3.77549e-18
9.360000000e+03  3.09687e-13  3.09687e-13  7.34098e-15  3.02343e-13  0.00000e+00  3.95686e-18
9.370000000e+03  3.15408e-13  3.15408e-13  7.47658e-15  3.07928e-13  0.00000e+00  3.80726e-18
9.380000000e+03  3.11461e-13  3.11461e-13  7.38301e-15  3.04075e-13  0.00000e+00  4.13731e-18
9.390000000e+03  3.10859e-13  3.10859e-13  7.36870e-15  3.03484e-13  0.00000e+00  6.37066e-18
9.400000000e+03  3.08908e-13  3.08908e-13  7.32246e-15  3.01581e-13  0.00000e+00  4.89910e-18
9.410000000e+03  3.00723e-13  3.00723e-13  7.12846e-15  2.93590e-13  0.00000e+00  3.53514e-18
9.420000000e+03  2.95151e-13  2.95151e-13  6.99634e-15  2.88149e-13  0.00000e+00  6.09252e-18
9.430000000e+03  3.07717e-13  3.07717e-13  7.29427e-15  3.00420e-13  0.00000e+00  4.55204e-18
9.440000000e+03  3.00422e-13  3.00422e-13  7.12132e-15  2.93296e-13  0.00000e+00  4.93378e-18
9.450000000e+03  3.03735e-13  3.03735e-13  7.19986e-15  2.96530e-13  0.00000e+00  5.12228e-18
9.460000000e+03  3.05796e-13  3.05796e-13  7.24864e-15  2.98541e-13  0.00000e+00  7.65934e-18
9.470000000e+03  3.04795e-13  3.04795e-13  7.22495e-15  2.97564e-13  0.00000e+00  5.04449e-18
9.480000000e+03  3.06227e-13  3.06227e-13  7.25881e-15  2.98960e-13  0.00000e+00  9.31758e-18
9.490000000e+03  3.06735e-13  3.06735e-13  7.27105e-15  2.99462e-13  0.00000e+00  2.49999e-18
9.500000000e+03  3.04791e-13  3.04791e-13  7.22497e-15  2.97564e-13  0.00000e+00  1.28172e-18
9.510000000e+03  3.02155e-13  3.02155e-13  7.16246e-15  2.94991e-13  0.00000e+00  2.54236e-18
9.520000000e+03  3.02936e-13  3.02936e-13  7.18103e-15  2.95755e-13  0.00000e+00  3.90785e-19
9.530000000e+03  3.01904e-13  3.01904e-13  7.15656e-15  2.94747e-13  0.00000e+00  1.08787e-18
9.540000000e+03  2.97175e-13  2.97175e-13  7.04441e-15  2.90128e-13  0.00000e+00  2.67200e-18
9.550000000e+03  2.78801e-13  2.78801e-13  6.60889e-15  2.72192e-13  0.00000e+00  1.11958e-18
9.560000000e+03  2.97813e-13  2.97813e-13  7.05951e-15  2.90750e-13  0.00000e+00  2.84241e-18
9.570000000e+03  2.96482e-13  2.96482e-13  7.02800e-15  2.89453e-13  0.00000e+00  1.07515e-18
9.580000000e+03  2.98913e-13  2.98913e-13  7.08559e-15  2.91825e-13  0.00000e+00  2.82181e-18
9.590000000e+03  2.99746e-13  2.99746e-13  7.10538e-15  2.92639e-13  0.00000e+00  1.59816e-19
